0 1 2 1 4 5 2 7 8 3 9 10 4 12 13 



1 2 2 2 1 1 1 1 1 1 1 1 
5 2.99492
0 1 2 1 4 5 2 7 8 3 9 10 4 12 13 



1 2 2 2 1 1 1 1 1 1 1 1 
6 2.99492
0 1 2 1 4 5 2 7 8 3 9 10 4 12 13 



1 2 2 2 1 1 1 1 1 1 1 1 
7 2.99492
0 1 2 1 4 5 2 7 8 3 9 10 4 12 13 



1 2 2 2 1 1 1 1 1 1 1 1 
8 2.99492
0 1 2 1 4 5 2 7 8 3 9 10 4 12 13 



1 2 2 2 1 1 1 1 1 1 1 1 
9 2.99492
0 1 2 1 4 5 2 7 8 3 9 10 4 12 13 



1 2 2 2 1 1 1 1 1 1 1 1 
10 2.99492
0 1 2 1 4 5 2 7 8 3 9 10 4 12 13 



1 2 2 2 1 1 1 1 1 1 1 1 
11 2.99492
0 1 2 1 4 5 2 7 8 3 9 10 4 12 13 



1 2 2 2 1 1 1 1 1 1 1 1 
12 2.99492
0 1 2 1 4 5 2 7 8 3 9 10 4 12 13 



1 2 2 2 1 1 1 1 1 1 1 1 
13 2.99492
0 1 2 1 4 5 2 7 8 3 9 10 4 12 13 



1 2 2 2 1 1 1 1 1 1 1 1 
14 2.99492
0 1 2 1 4 5 2 7 8 3 9 10 4 12 13 



1 2 2 2 1 1 1 1 1 1 1 1 
15 2.99492
0 1 2 1 4 5 2 7 8 3 9 10 4 12 13 



1 2 2 2 1 1 1 1 1 1 1 1 
16 2.99492
0 1 2 1 4 5 2 7 8 3 9 10 4 12 13 



1 2 2 2 1 1 1 1 1 1 1 1 
17 2.99492
0 1 2 1 4 5 2 7 8 3 9 10 4 12 13 



1 2 2 2 1 1 1 1 1 1 1 1 
18 2.99492
0 1 2 1 4 5 2 7 8 3 9 10 4 12 13 



1 2 2 2 1 1 1 1 1 1 1 1 
19 2.99492
0 1 2 1 4 5 2 7 8 3 9 10 4 12 13 



1 2 2 2 1 1 1 1 1 1 1 1 
20 2.99492
0 1 2 1 4 5 2 7 8 3 9 10 4 12 13 



1 2 2 2 1 1 1 1 1 1 1 1 
21 2.99492
0 1 2 1 4 5 2 7 8 3 9 10 4 12 13 



1 2 2 2 1 1 1 1 1 1 1 1 
22 2.99492
0 1 2 1 4 5 2 7 8 3 9 10 4 12 13 



1 2 2 2 1 1 1 1 1 1 1 1 
23 2.99492
0 1 2 1 4 5 2 7 8 3 9 10 4 12 13 



1 2 2 2 1 1 1 1 1 1 1 1 
24 2.99492
0 1 2 1 4 5 2 7 8 3 9 10 4 12 13 



1 2 2 2 1 1 1 1 1 1 1 1 
25 2.99492
0 1 2 1 4 5 2 7 8 3 9 10 4 12 13 



1 2 2 2 1 1 1 1 1 1 1 1 
26 2.99492
0 1 2 1 4 5 2 7 8 3 9 10 4 12 13 



1 2 2 2 1 1 1 1 1 1 1 1 
27 2.99492
0 1 2 1 4 5 2 7 8 3 9 10 4 12 13 



1 2 2 2 1 1 1 1 1 1 1 1 
28 2.99492
0 1 2 1 4 5 2 7 8 3 9 10 4 12 13 



1 2 2 2 1 1 1 1 1 1 1 1 
29 2.99492
